# Constructed from biom file
#OTU ID	eB1	eB2	eB3	eB4	eB7	eB8	eB9	eF7	eE5	eF4	eE1	eE7	eF6	eG3	eG6	eE8	eA1	eA4	eA5	eA6	eH3	eE2	eE6	eF3	eH7	eA3	eA7	eC2	eC6	eF2	eF5	eF8	eG1	eG4	eG7	eH5	eF1	eB6	eC5	eC1	taxonomy
Node15327	0.0748291484297	
0.01178683867	
0.0321354526607	
0.0468785994011	
0.0412731321508	
0.030906857099	
0.0454580357828	
0.267603470782	
0.0246870920679	
0.367465253782	
0.0200030714889	
0.0438071104968	
0.210013053828	
0.0379328879674	
0.0311372187668	
0.150925286032	
0.0537510558243	
0.0339399523919	
0.0285648468095	
0.0335176226676	
0.124318513399	
0.0357060585119	
0.0324426015511	
0.248406665131	
0.168509560009	
0.0406204407587	
0.0553251938877	
0.011902019504	
0.0273362512478	
0.23719573063	
0.0783997542809	
0.268140981341	
0.0372034093527	
0.0234968901175	
0.0211932734393	
0.115449589188	
0.159295093296	
0.079935498733	
0.0129386470091	
0.0248406665131	
Node21166	0.0968286877064	
0.00717960531368	
0.0523304922061	
0.00883053059971	
0.0129386470091	
0.0595484911311	
0.0453044613376	
0.0590877677954	
0.0603163633571	
0.040159717423	
0.0418490363204	
0.0361667818475	
0.0402748982569	
0.0850802426476	
0.110381632496	
0.0208093373263	
0.00702603086846	
0.0130154342317	
0.0228825923366	
0.0221147201106	
0.0651923519926	
0.0134761575674	
0.0581663211242	
0.0184673270368	
0.0653459264378	
0.0114796897796	
0.0111725408892	
0.0764032864931	
0.0296782615373	
0.0215004223297	
0.0278353681947	
0.0288719956999	
0.0605083314137	
0.143822467941	
0.1467403824	
0.0729478614759	
0.03800967519	
0.0377409199109	
0.0594717039085	
0.046110727175	
Node19398	0.0246103048453	
0.0374721646318	
0.0370882285188	
0.0187744759272	
0.0272978576365	
0.0266451662443	
0.0202334331567	
0.114182600015	
0.0677647239499	
0.188205482608	
0.047377716348	
0.0458803655072	
0.174614144206	
0.0535590877678	
0.0644244797666	
0.132649927052	
0.0129386470091	
0.0137833064578	
0.0104046686631	
0.0136681256239	
0.157413806343	
0.0251862090148	
0.0912616140674	
0.0798971051217	
0.108615526376	
0.0120939875605	
0.01443599785	
0.164977347769	
0.0411963449282	
0.0983260385472	
0.075750595101	
0.0677263303386	
0.10458419719	
0.0655762881057	
0.10930661138	
0.0881901251632	
0.0972510174307	
0.0121707747831	
0.155378944944	
0.115910312524	
Node13287	0.0227674115027	
0.0365507179605	
0.0256853259618	
0.0170467634186	
0.0229209859479	
0.0225370498349	
0.0178914228672	
0.0270291023574	
0.0243031559548	
0.015702987023	
0.0196959225985	
0.0203102203793	
0.0234201028949	
0.00675727558934	
0.0105582431083	
0.0244567304001	
0.0749059356523	
0.0781693926131	
0.0548260769408	
0.0786301159487	
0.0129386470091	
0.016470859249	
0.0370498349075	
0.0254933579052	
0.00702603086846	
0.0615833525301	
0.0642325117101	
0.0111725408892	
0.00902249865622	
0.0255317515165	
0.0298318359825	
0.0433463871612	
0.0237656453966	
0.0104814558857	
0.016086923136	
0.0137065192352	
0.0340551332258	
0.0306381018199	
0.0134761575674	
0.0103278814405	
Node28120	0.0462643016202	
0.117599631421	
0.0982876449359	
0.14320817016	
0.113030791676	
0.177685633111	
0.190432312063	
0.0116716578361	
0.0276817937495	
0.00790908392843	
0.0543653536052	
0.0162021039699	
0.0183905398142	
0.0271826768026	
0.0156261998004	
0.018236965369	
0.0174306995316	
0.0201182523228	
0.0165860400829	
0.0210013053828	
0.0775934884435	
0.00568225447286	
0.0276434001382	
0.0178914228672	
0.0693388620134	
0.0153958381325	
0.0420793979882	
0.0947938263073	
0.101320740229	
0.0324426015511	
0.0619288950319	
0.013053827843	
0.016969976196	
0.0229977731705	
0.0211932734393	
0.0774783076096	
0.0127850725639	
0.0698379789603	
0.0631574905936	
0.0916071565691	
Node45985	0.0188896567611	
0.044843738002	
0.0261076556861	
0.0150502956308	
0.0141672425708	
0.0107118175536	
0.00921446671274	
0.0153958381325	
0.0160101359134	
0.0187744759272	
0.0074867542041	
0.0122091683944	
0.0158181678569	
0.0141672425708	
0.0159717423021	
0.0216923903862	
0.019887890655	
0.0277201873608	
0.0246103048453	
0.0254165706826	
0.0178146356446	
0.00906089226753	
0.0225370498349	
0.0165476464716	
0.0153190509099	
0.0244567304001	
0.0194271673194	
0.0102510942179	
0.00790908392843	
0.0150502956308	
0.0277969745834	
0.0174306995316	
0.0416954618751	
0.0142824234047	
0.0192735928741	
0.019887890655	
0.0241111878983	
0.0159333486908	
0.0115564770022	
0.0141288489595	
Node52227	0.0484527374645	
0.016969976196	
0.0472241419028	
0.0460339399524	
0.0466098441219	
0.0522920985948	
0.0547876833295	
0.0213852414958	
0.0187360823159	
0.0241495815096	
0.0166244336942	
0.0168547953621	
0.019887890655	
0.0371266221301	
0.0308300698764	
0.0241495815096	
0.0450357060585	
0.0494893649697	
0.0365891115718	
0.0522537049835	
0.0415034938186	
0.00798587115104	
0.0285264531982	
0.0145127850726	
0.0481071949628	
0.0542885663826	
0.0313675804346	
0.0535590877678	
0.0190432312063	
0.0202334331567	
0.0269907087461	
0.0334792290563	
0.0359364201797	
0.0416570682638	
0.0509483221992	
0.0276050065269	
0.0327497504415	
0.0400061429778	
0.0375105582431	
0.0291023573677	
Node55904	0.0437687168855	
0.0128618597865	
0.0295630807034	
0.0322122398833	
0.0328649312754	
0.0515242263687	
0.0304845273746	
0.0558243108347	
0.0147047531291	
0.0234201028949	
0.0256085387392	
0.0155878061891	
0.0478768332949	
0.0680718728404	
0.045726791062	
0.0206557628811	
0.0360516010136	
0.0267987406895	
0.0332872609998	
0.0234968901175	
0.0320202718268	
0.00679566920065	
0.014320817016	
0.0919526990709	
0.0309452507103	
0.0318666973816	
0.0693388620134	
0.04065883437	
0.0574368425094	
0.0611994164171	
0.0250710281809	
0.0431544191047	
0.027489825693	
0.0552868002764	
0.0602779697458	
0.0324426015511	
0.0331720801659	
0.0468018121785	
0.035590877678	
0.0416570682638	
Node55420	0.0666513092221	
0.00760193503801	
0.0542501727713	
0.0650771711587	
0.0879213698841	
0.050794747754	
0.0698379789603	
0.0351685479536	
0.0204254012132	
0.0265299854104	
0.019004837595	
0.0244567304001	
0.0199262842663	
0.0242263687322	
0.0252629962374	
0.0209245181602	
0.0243799431775	
0.0279121554173	
0.0244183367888	
0.0244183367888	
0.0233817092836	
0.0151654764647	
0.0307148890425	
0.0319050909929	
0.027489825693	
0.0219227520541	
0.0206941564924	
0.0164324656377	
0.0205405820471	
0.0216539967749	
0.020770943715	
0.0274130384704	
0.0208477309376	
0.030906857099	
0.0206941564924	
0.0388543346387	
0.0325193887737	
0.0560162788912	
0.0152806572986	
0.0288336020886	
Node53994	0.0425785149351	
0.010135913384	
0.0442294402211	
0.0266451662443	
0.0310988251555	
0.0348230054519	
0.0209629117715	
0.0788220840052	
0.0942179221378	
0.0486830991323	
0.0833141365277	
0.0861552637641	
0.096022421869	
0.055862704446	
0.0594717039085	
0.0932964754665	
0.0620056822545	
0.0717960531368	
0.0661137986639	
0.0766720417722	
0.0757889887123	
0.0548260769408	
0.0934116563004	
0.107425324426	
0.095139368809	
0.0729862550872	
0.0623896183675	
0.177992782001	
0.0782461798357	
0.073600552868	
0.0535974813791	
0.0620056822545	
0.111802196115	
0.0696460109038	
0.0734469784228	
0.0684174153421	
0.0705290639638	
0.0373569837979	
0.143284957383	
0.147700222683	
Node13271	0.0412347385395	
0.0546341088843	
0.0250710281809	
0.0326345696076	
0.0326729632189	
0.0359364201797	
0.044459801889	
0.0306764954312	
0.0386239729709	
0.0249942409583	
0.0306381018199	
0.0306381018199	
0.0329033248867	
0.0108653919988	
0.0308300698764	
0.0452660677263	
0.0818167856869	
0.060047608078	
0.0377409199109	
0.0569761191738	
0.0313291868233	
0.0402748982569	
0.0391230899178	
0.0398525685326	
0.0440758657759	
0.0590109805728	
0.072717499808	
0.0181217845351	
0.116255855026	
0.0576288105659	
0.0431160254934	
0.0330952929433	
0.0332488673885	
0.0254933579052	
0.0165092528603	
0.0293327190356	
0.0366275051831	
0.0441526529985	
0.00790908392843	
0.0279889426399	
Node71253	0.0451892805037	
0.0105582431083	
0.0575520233433	
0.0641941180987	
0.108193196652	
0.0670352453352	
0.0508715349766	
0.0535590877678	
0.0295246870921	
0.0388159410274	
0.0207325501037	
0.0337095907241	
0.0439222913307	
0.0479920141288	
0.0347846118406	
0.0469169930124	
0.0478000460723	
0.0451124932811	
0.0475312907932	
0.05156261998	
0.0279889426399	
0.0379328879674	
0.0256853259618	
0.0502188435844	
0.0321354526607	
0.0491822160792	
0.0430776318821	
0.0225370498349	
0.0256469323505	
0.0519849497044	
0.0191200184289	
0.069415649236	
0.0365123243492	
0.0472241419028	
0.0300621976503	
0.0274130384704	
0.0540582047147	
0.0731782231437	
0.0115564770022	
0.0187360823159	
Node70899	0.0282193043078	
0.15645396606	
0.0699915534055	
0.264378407433	
0.0608154803041	
0.0162404975812	
0.0899946248944	
0.030023804039	
0.0423481532673	
0.0250326345696	
0.0274130384704	
0.0471089610689	
0.0563234277816	
0.0195807417646	
0.0231513476158	
0.082853413192	
0.105697611917	
0.0536742686017	
0.0597788527989	
0.120555939492	
0.114451355294	
0.0434615679951	
0.0424249404899	
0.0731398295324	
0.0728710742532	
0.0754818398219	
0.128273055364	
0.0346694310067	
0.0368194732397	
0.0382400368579	
0.124894417569	
0.0702219150733	
0.0474161099593	
0.0150119020195	
0.0138600936804	
0.0622360439223	
0.0602395761345	
0.0556707363895	
0.0306381018199	
0.152960147431	
Node119365	0.0561314597251	
0.0378561007448	
0.0499500883053	
0.038124856024	
0.0387391538048	
0.0489134608001	
0.0341703140597	
0.00556707363895	
0.0165476464716	
0.00652691392152	
0.0136681256239	
0.0116716578361	
0.00921446671274	
0.0511402902557	
0.0598172464102	
0.0213084542732	
0.0726407125854	
0.0759041695462	
0.105851186363	
0.061813714198	
0.0329033248867	
0.00967519004838	
0.0151270828534	
0.0117100514474	
0.0428856638255	
0.074867542041	
0.0636182139292	
0.0250710281809	
0.0156645934117	
0.0150502956308	
0.0291023573677	
0.0102510942179	
0.0313675804346	
0.0471089610689	
0.0595100975198	
0.0247254856792	
0.0181601781464	
0.0488750671888	
0.0403900790908	
0.0234584965062	
Node126898	0.041042770483	
0.00844659448668	
0.0503724180296	
0.0315595484911	
0.0339015587806	
0.0474928971819	
0.0170851570299	
0.0114412961683	
0.032557782385	
0.00863856254319	
0.0384703985257	
0.0340935268371	
0.013936880903	
0.0261460492974	
0.0267987406895	
0.0165860400829	
0.0671504261691	
0.0796667434539	
0.0921830607387	
0.0608922675267	
0.0341703140597	
0.0146663595178	
0.0369346540736	
0.0124395300622	
0.0377025262996	
0.0796283498426	
0.0526760347078	
0.0272594640252	
0.0206173692698	
0.0290639637564	
0.0170467634186	
0.0107502111649	
0.0236504645627	
0.04065883437	
0.0357444521232	
0.0333256546111	
0.0259540812409	
0.0351685479536	
0.0606235122476	
0.0348230054519	
Node117321	0.0818167856869	
0.0160101359134	
0.155225370498	
0.0500652691392	
0.138639330415	
0.119980035322	
0.150195807418	
0.0229209859479	
0.0861552637641	
0.0103278814405	
0.0776702756661	
0.0583582891807	
0.0209245181602	
0.0492973969132	
0.0668432772787	
0.018620901482	
0.0878829762727	
0.0899562312831	
0.0942563157491	
0.0540582047147	
0.062197650311	
0.0133225831222	
0.0908008907318	
0.0210780926054	
0.0575520233433	
0.0714889042463	
0.0783997542809	
0.0390463026952	
0.0086769561545	
0.0196575289872	
0.0348230054519	
0.0158181678569	
0.0424633341012	
0.0950625815864	
0.0765952545496	
0.0564386086155	
0.0702219150733	
0.171235506412	
0.110458419719	
0.0186592950933	
Node115605	0.0345158565615	
0.00510635030331	
0.0318283037703	
0.0149735084082	
0.0254933579052	
0.032557782385	
0.0107502111649	
0.0149351147969	
0.0463410888428	
0.0165476464716	
0.0384703985257	
0.0356292712893	
0.0122091683944	
0.0150119020195	
0.0179682100898	
0.0220763264993	
0.0471089610689	
0.0512938647009	
0.0488366735775	
0.0459955463411	
0.00740996698149	
0.0370498349075	
0.0421945788221	
0.0196191353759	
0.00572064808416	
0.0648852031022	
0.0370882285188	
0.0280657298626	
0.0119404131153	
0.032173846272	
0.00840820087537	
0.0153190509099	
0.012285955617	
0.0168547953621	
0.0123627428396	
0.0153190509099	
0.0281425170852	
0.0224602626123	
0.0374337710205	
0.0213468478845	
Node137058	0.0184673270368	
0.0733701912002	
0.0204637948245	
0.010519849497	
0.0281809106965	
0.0196959225985	
0.0099823389388	
0.0701067342394	
0.0722183828611	
0.0497965138601	
0.0772479459418	
0.0887276357214	
0.0618521078093	
0.0123243492283	
0.0221915073332	
0.0610074483606	
0.037625739077	
0.045726791062	
0.0446517699455	
0.0329033248867	
0.0129002533978	
0.0960992090916	
0.0717192659142	
0.0404668663134	
0.018236965369	
0.0405820471474	
0.0400445365891	
0.0340167396145	
0.0157797742456	
0.0277969745834	
0.0469553866237	
0.0668432772787	
0.0542501727713	
0.0179298164785	
0.01355294479	
0.0567073638946	
0.0481839821854	
0.0217307839975	
0.0271826768026	
0.0263380173539	
Node147305	0.0695308300699	
0.151002073255	
0.0200798587115	
0.0136297320126	
0.0256469323505	
0.023688858174	
0.0416186746525	
0.00979037088229	
0.138639330415	
0.00564386086155	
0.202334331567	
0.212662213008	
0.0223834753897	
0.258504184904	
0.202564693235	
0.0384703985257	
0.0291023573677	
0.0420410043769	
0.0506027796975	
0.0370498349075	
0.0131306150657	
0.343162097827	
0.0880749443293	
0.0156261998004	
0.019004837595	
0.0373185901866	
0.0324042079398	
0.0415418874299	
0.165822007218	
0.0238808262305	
0.0979804960455	
0.0227290178914	
0.148160946019	
0.140750979037	
0.126814098134	
0.0595868847424	
0.0228825923366	
0.0357828457345	
0.0420026107656	
0.0505259924749	
Node101358	0.0901481993396	
0.182945557859	
0.0666897028334	
0.0510635030331	
0.0684558089534	
0.0643092989327	
0.0418490363204	
0.0577055977885	
0.116217461414	
0.0430776318821	
0.122705981725	
0.124664055901	
0.0466866313445	
0.0875758273823	
0.0987483682715	
0.0876142209936	
0.0644244797666	
0.0796667434539	
0.0910312523996	
0.0851186362589	
0.0275666129156	
0.167780081394	
0.104123473854	
0.0532519388774	
0.0275282193043	
0.09310450741	
0.0554019811103	
0.0713737234124	
0.188704599555	
0.0792828073409	
0.149466328803	
0.0689549259003	
0.0765568609383	
0.0683406281195	
0.0720648084159	
0.0724487445289	
0.0904169546188	
0.0524072794287	
0.0839284343085	
0.0737157337019	
